Within cluster sum of squared errors: 87.949234
Cluster centroids:				 Cluster# 
Attribute 	0		1		2		3		4		5		6		
		(15)		(21)		(17)		(16)		(11)		(11)		(9)		
====================================================================================================================
Home		0.866700	0.000000	0.529400	1.000000	1.000000	1.000000	0.000000	
Products	0.666700	1.000000	0.882400	1.000000	0.545500	0.272700	0.111100	
Search		0.733300	0.047600	1.000000	0.062500	0.090900	1.000000	0.111100	
Prod_A		1.000000	0.047600	0.176500	0.875000	0.818200	0.181800	1.000000	
Prod_B		0.133300	1.000000	0.941200	0.625000	0.090900	0.090900	0.444400	
Prod_C		0.866700	0.761900	0.529400	0.187500	0.090900	0.272700	0.000000	
Cart		0.933300	0.476200	0.294100	1.000000	0.000000	0.818200	0.777800	
Purchase	0.533300	0.428600	0.000000	0.625000	0.000000	0.545500	0.666700	
